CHROM	POS	ID	REF	ALT	SAMPLE-0001	SAMPLE-0002	SAMPLE-0003	SAMPLE-0004	SAMPLE-0005	SAMPLE-0006	SAMPLE-0007	SAMPLE-0008	SAMPLE-0009	SAMPLE-0010	SAMPLE-0011	SAMPLE-0012	SAMPLE-0013	SAMPLE-0014	SAMPLE-0015	SAMPLE-0016	SAMPLE-0017	SAMPLE-0018	SAMPLE-0019	SAMPLE-0020
1	1000000	rs1000000	T	C	2	1	2	1	0	1	1	1	0	1	0	0	0	2	1	0	1	0	2	1
1	1005000	rs1000100	T	C	0	1	1	0	1	1	1	1	0	0	0	2	1	1	0	0	1	2	0	0
1	1010000	rs1000200	T	C	0	1	1	0	0	1	0	1	0	0	1	1	0	0	2	1	0	1	0	0
1	1015000	rs1000300	T	C	0	1	0	0	0	1	0	2	1	0	0	1	0	0	2	1	0	1	1	0
1	1020000	rs1000400	T	C	0	0	0	0	1	1	2	0	0	0	1	0	0	0	0	0	0	2	0	1
1	1025000	rs1000500	T	C	1	0	2	1	2	2	1	0	0	0	0	0	0	2	0	1	0	0	2	2
1	1030000	rs1000600	T	C	1	1	0	0	2	1	1	1	0	1	1	1	0	2	0	0	1	1	0	0
1	1035000	rs1000700	T	C	1	0	1	1	0	1	1	2	0	1	0	0	1	0	0	1	0	0	2	2
1	1040000	rs1000800	T	C	0	0	0	2	1	1	0	0	1	1	1	2	1	0	1	0	1	2	0	0
1	1045000	rs1000900	T	C	0	1	0	1	1	0	1	0	0	2	1	0	0	0	0	1	1	0	1	1
1	1050000	rs1001000	T	C	0	0	0	1	2	1	1	1	0	0	0	1	1	1	1	0	0	0	1	1
1	1055000	rs1001100	T	C	0	1	0	2	1	2	1	1	0	1	0	2	1	1	1	0	1	0	1	1
1	1060000	rs1001200	T	C	0	1	0	0	1	0	0	0	0	1	2	0	1	0	2	1	2	0	2	0
1	1065000	rs1001300	T	C	2	0	0	0	1	0	1	1	0	1	0	1	0	2	1	1	1	1	0	0
